0.000000000000000000e+00 -4.219599999999879003e-03 4.854739999999990729e-02 -2.248113999999999946e-01
0.000000000000000000e+00 1.367278000000000659e-01 6.458320000000017380e-02 2.759393999999999458e-01
0.000000000000000000e+00 5.486799999999991684e-02 -4.377999999999993008e-02 -2.160201999999999956e-01
0.000000000000000000e+00 4.875860000000020733e-02 -1.976413999999999671e-01 -4.135339999999998462e-02
0.000000000000000000e+00 -1.252855999999999970e-01 -1.036024000000000944e-01 -9.478699999999995462e-02
0.000000000000000000e+00 -2.099900000000000100e-01 -5.723739999999999384e-02 -9.914425400000000943e-01
0.000000000000000000e+00 1.099995600000000184e+00 1.100000000000000089e+00 8.550960000000000782e-01
0.000000000000000000e+00 5.645199999999994667e-02 1.115708000000001920e-01 -2.318888000000000060e-01
0.000000000000000000e+00 4.125836000000000503e-01 4.088502000000000525e-01 3.241238000000001840e-01
0.000000000000000000e+00 1.871869999999999923e-01 4.563240000000001739e-01 5.080240000000000311e-01
0.000000000000000000e+00 8.208200000000109853e-03 -1.354100000000002524e-02 -1.005990480000000131e+00
0.000000000000000000e+00 2.603809999999999736e-01 1.055779999999999497e-01 6.907779999999985598e-02
