0.000000000000000000e+00 9.954119999999999635e-02 8.545459999999982514e-02 4.981680000000010544e-02
0.000000000000000000e+00 -1.067175999999999680e-01 -1.452439999999999287e-02 3.664738000000000717e-01
0.000000000000000000e+00 2.166955999999999882e-01 -2.295920000000006844e-02 -8.630446000000000506e-01
0.000000000000000000e+00 2.893418000000000934e-01 1.094060000000001143e-01 -4.640393999999999908e-01
0.000000000000000000e+00 -1.920885999999999427e-01 -1.100000000000000089e+00 -6.299282000000000492e-01
0.000000000000000000e+00 3.709508000000001360e-01 8.917171999999999876e-01 4.920013999999999221e-01
0.000000000000000000e+00 -4.393972000000000433e-01 7.811759999999989823e-02 1.634380000000001942e-02
0.000000000000000000e+00 2.514335999999999238e-01 2.363239999999999785e-01 4.565000000000019043e-02
0.000000000000000000e+00 1.520749999999999602e-01 1.752409999999999801e-01 -6.293539999999997470e-02
0.000000000000000000e+00 2.410540000000005456e-02 1.225399999999998712e-01 -1.269487999999999728e-01
0.000000000000000000e+00 3.153260000000002172e-02 -3.251160000000008488e-02 -3.175480000000008296e-02
0.000000000000000000e+00 1.019810000000000993e-01 -1.071642000000000428e-01 -2.499859999999998195e-02
