-1.035697104941521313e-01 -1.129188479223687674e-01 -2.614187523722648621e-01 7.151710947177239430e-02
3.022164832800626755e-01 -2.555539896711707115e-01 -3.805233780294656754e-01 -3.951604506000876427e-01
-5.606491207436192781e-02 7.478236686438322067e-02 -1.606149228755384684e-01 -9.919922356493771076e-02
-3.209592308849096298e-01 1.422493944410234690e-01 -1.646560304798185825e-01 -1.469829744892194867e-01
2.894194372929632664e-01 -5.414325743913650513e-01 -1.415736036360613070e-01 -1.359221284510567784e-01
-1.123488027602434158e+00 2.022472615353763103e-01 -8.570411354303359985e-01 -1.190824796794913709e-01
-5.190435070544481277e-01 1.353404521942138672e-01 -2.683113040402531624e-01 -7.195180155758862384e-02
-1.141400969099777285e-01 -9.993645261056371965e-02 4.663243354298174381e-02 -1.478209188207983971e-01
-2.846680930815637112e-01 -7.631746330298483372e-02 1.565498291165567935e-01 -3.516416936181485653e-01
-4.532960383221507072e-01 2.305551216704770923e-01 -2.825735172809800133e-01 -3.822071719914674759e-01
-4.454592964611947536e-01 -3.552508470602333546e-01 2.595989657565951347e-01 -6.077723484486341476e-01
-4.439264389220625162e-01 -9.942509680986404419e-01 4.624095056205987930e-01 -9.699171893298625946e-01
-2.818083071615546942e-01 -4.424331970512866974e-01 -6.320888716727495193e-01 2.912479219958186150e-01
-1.264870496816001832e-01 -3.107702517881989479e-01 1.418429720215499401e-01 -4.585121534764766693e-01
-7.404535436216974631e-02 1.133195561124011874e-03 -5.470513207546900958e-02 -8.561669937625993043e-02
-3.875913009978830814e-01 -2.924578839447349310e-01 -2.114847851917147636e-01 1.723084453260526061e-01
4.838963320071343333e-02 -3.132117148197721690e-01 -6.390321648132157861e-02 -1.191813902696594596e-01
